30.5839720633156,1121,536
90.0523504940792,1122,535
29.9890067774434,1126,530
29.9737587760312,1134,513
30.2901548053343,1142,477
29.7649784490026,1142,450
30.0875323250299,1144,410
29.9312403105549,1144,362
29.8567596882722,1144,341
30.3573046577073,1136,335
29.5377245818016,1109,333
30.1725692559826,1023,352
29.8503086107517,929,368
30.0250741653992,808,379
29.790196297492,617,388
30.0051344712448,546,388
30.1432461763437,525,386
29.8816843059652,521,384
29.9851947770903,518,383
29.9101276932149,517,382
30.0678858616719,left,517,382
121.971109142555,up,left,517,382
0.335162800272001,517,385
30.2259372609253,519,397
29.3975602611279,529,437
30.5810397553517,544,481
29.3831919521049,574,515
29.8277298394298,576,516
30.0148110875256,left,576,516
0.152773244918384,577,517
30.0153975491184,578,517
29.9253756946271,580,517
30.6256108364027,589,517
30.7132868445229,up,left,589,517
29.2823205581472,635,501
30.025660626992,709,463
29.9206840018849,908,368
30.0778557087491,1137,263
29.8834436907436,1289,210
29.9614430825829,1315,206
20.0174003154577,left,1315,206
70.0364163326035,up,left,1315,206
59.9052923173825,1321,208
29.9986833937242,1339,237
29.9708264680673,1379,283
29.9714129296601,1480,400
29.9769843147915,1578,490
30.1309304828954,1632,540
29.8655566121639,1663,577
30.2963126520585,1674,611
29.5054691941988,1670,632
30.7179785372651,1656,648
29.2365765539106,1634,658
29.9658415445287,1607,680
30.029472627345,1601,694
19.8989350737168,left,1601,694
9.98216277065569,1600,698
69.9695597110269,up,left,1600,698
50.0269332486483,1582,697
29.9549920050623,1393,663
29.8887218450785,1060,597
30.1048329420168,800,544
29.9007443077305,592,494
30.0725775544141,526,478
9.88950183899694,left,526,478
20.0270769317385,521,476
59.8563227743856,up,left,521,476
0.181216632168063,519,475
29.9048495388799,521,476
29.9368116956863,540,485
30.1711031020006,569,496
29.9450221579851,628,521
29.8860827679111,751,604
29.9922323162037,949,783
30.1086449423699,1046,888
30.0004427785025,1251,1079
29.8708347664989,1326,1079
29.9696535448818,1338,1079
30.0370966280511,1348,1076
29.9596836978046,1353,1063
30.1356221756376,1353,1052
29.7684972185593,1353,1047
30.3051095759501,1353,1046
29.7526627555543,1353,1045
29.8432710716383,1354,1045
30.0670061692827,1354,1044
30.3511468109831,1353,1043
29.8121886072212,1345,1043
29.7380012157349,1337,1044
30.3875074297353,1336,1049
29.740347062106,1337,1065
29.8174667615562,1338,1069
10.020869235779,left,1338,1069
20.0332347784627,1339,1070
29.8473763027878,1340,1070
20.0605052425268,up,left,1340,1070
11.8984260250542,1341,1070
30.1115772503338,1342,1070
29.9344658493151,1342,1046
30.0796150935274,1336,1020
29.9244960022379,1321,968
30.0353372432728,1307,925
29.8500153799553,1287,834
30.0670061692827,1263,656
30.731467153899,1252,557
30.1080584807771,1247,547
30.2320951076494,1242,535
29.7423996776807,1240,529
30.96927732977,1232,514
30.038562782033,1232,508
29.8960526149883,1233,487
29.9632024673612,1233,482
90.1529286572405,1234,482
29.9253756946271,1235,484
30.2922074209091,1238,490
30.5053862098835,1245,502
30.137381560416,1246,503
30.6185732972894,1249,506
29.3872971832543,1251,511
30.0306455505306,1252,513
29.5811227396671,1256,518
20.2607818764601,left,1256,518
213.248871134742,up,left,1256,518
10.5111511273405,1471,566
31.4399127579735,1462,567
29.4825971920805,1454,569
29.8963458457846,1440,573
32.0662537390592,1425,579
31.8964731079503,1418,586
29.9318267721476,1418,588
29.9259621562199,1418,591
30.8795487060751,1419,595
59.9812390936471,1420,596
59.9548483219721,left,1420,596
109.986473263363,up,left,1420,596
