30.2441175703014,1186,827
30.58279914013,1185,826
29.8039781449223,1176,820
29.5400704281727,1145,806
31.2147115063471,1005,756
30.0368033972547,897,718
29.8561732266794,774,673
30.538228059079,674,624
29.6755430561041,609,575
29.7013473661863,589,544
29.9980969321314,570,505
29.999269855317,555,474
29.903383384898,545,460
29.9409169268357,538,453
30.1394341759907,534,448
29.7359486001602,534,445
30.1139230967049,534,444
59.9847578632037,537,444
29.9746384684204,554,448
29.9558716974515,571,454
29.9989766245206,586,460
29.8294892242081,593,461
30.1291710981171,left,593,461
0.0343080031774489,594,461
89.9107200194236,up,left,594,461
1.01340563231849,594,462
30.0115855487653,586,466
30.150283715457,524,503
29.7682039877629,475,533
29.9837286231084,326,618
29.9655483137323,212,685
29.9069021544546,144,717
29.9825556999229,122,726
30.8663533202376,120,727
60.0428175608886,117,728
30.0039615480592,114,729
29.5125067333122,112,730
29.8101359916464,105,733
30.1071787883879,103,733
30.0341643200872,100,730
29.8655566121639,100,728
30.0124652411545,101,722
29.9156990783463,104,720
10.0478464690467,left,104,720
19.9027470740698,105,719
59.9926750947062,up,left,105,719
0.432808655469355,107,718
30.0274200117703,117,720
29.5784836624996,132,726
29.8922406146352,184,747
29.9775707763842,236,766
30.0444273979608,273,771
29.9356387725007,306,770
29.9344658493151,319,767
30.9431797888914,324,762
29.8579326114578,327,761
29.972879083642,328,760
120.064229273641,329,760
30.0869458634371,331,760
29.8896015374677,334,763
29.9406236960393,336,763
30.2699218803835,338,761
29.7385876773277,339,757
29.8661430737566,342,752
32.1583282091252,343,751
19.8860329186757,left,343,751
9.79244244539236,344,750
60.0117350964715,up,left,344,750
0.65361144514986,345,749
29.3790867209554,347,748
29.9189246171066,354,745
30.0168637031003,366,743
29.9837286231084,407,727
29.9840218539048,444,707
29.9236163098488,509,665
29.958510774619,583,608
29.9945781625748,635,566
29.9766910839951,683,521
29.9740520068276,688,509
29.8195193771309,689,509
30.1153892506868,689,507
29.999269855317,689,504
29.9678941601034,689,500
30.0013224708917,687,492
29.8623310734036,678,472
30.0444273979608,672,458
29.9778640071806,671,445
29.9464883119671,672,428
30.1092314039627,673,421
29.9511800047093,674,419
29.903383384898,675,413
30.0508784754814,676,409
30.049119090703,676,404
29.9042630772871,678,399
29.8790452287977,680,393
30.049119090703,680,390
29.972879083642,682,388
29.9972172397423,683,378
79.9804590997287,left,683,378
9.90797537916941,683,377
80.0628569535138,up,left,683,377
39.9993197045524,683,380
30.0318184737161,688,417
29.9632024673612,691,433
30.086066171048,694,465
29.8605716886253,695,494
30.0397357052186,699,548
30.6162274509183,704,590
29.2248473220551,711,626
30.095156325736,715,641
29.8781655364086,718,648
29.9975104705387,721,657
30.0341643200872,724,667
29.8283163010225,728,690
30.0051344712448,732,709
30.00308185567,735,720
50.0055274005119,left,735,720
79.9751809453937,up,left,735,720
9.90914830235497,736,721
40.1057624836414,739,721
40.2218818790112,755,723
39.683510136842,798,731
40.0051843204801,947,754
39.9459516996097,1093,787
39.972635702081,1241,827
39.8688320001595,1277,838
120.071853274347,1279,840
39.9987332429596,1290,844
40.2726108067864,1293,844
40.3655649692416,1289,840
39.6975852150687,1279,834
39.6931867531228,1275,832
50.0386624805038,left,1275,832
71.8781989647193,up,left,1275,832
